viz-id ra dec
462 359.2131146 -0.3896321
4081 359.1875061 -0.3056419
6161 359.2533905 -0.5045975
7406 0.0246831 -0.0927462
8176 359.1940439 -0.2216637
9498 359.8922867 1.5985488
12637 359.1559238 -1.0889441
12732 0.0238231 -0.0354531
15501 359.8219775 1.7123031
16744 359.6663436 1.727045
18082 359.6729123 1.6288778
18268 359.213062 -0.3896072
22034 359.7129087 1.7566933
22692 359.3946527 -1.1551033
22791 359.2772829 -0.1698038
25574 359.2405425 -0.9339222
29023 359.1617391 -0.5098333
29462 249.6894985 42.1472022
30218 359.8644723 1.5756444
32934 359.7958583 1.5560381
33089 359.3172874 0.7183191
34449 0.047135 -1.5132391
36497 359.3491188 -1.3610607
38550 359.898209 -0.0460101
38890 359.9001985 -0.0416553
40895 359.2271868 -0.1424348
42403 359.1667038 -1.1406904
47032 359.2506024 -0.5291298
48071 359.2257329 -0.9541211
48284 0.0224599 -0.0356339
48689 359.7250814 1.5419588
49998 359.9138546 1.509466
50129 340.0226108 3.2115739
50402 359.193062 -0.3741302
50653 359.7945315 1.7537372
53064 0.0499767 -1.5121832
53890 0.0427445 -0.0950131
54607 359.1690924 -0.4849098
54991 249.689832 42.1471262
55402 0.0120163 -0.1008468
56364 359.1703956 0.5097102
59005 0.0471899 -1.5133313
59176 216.1867463 44.5324605
60514 0.0499432 -1.5124934
61669 359.624257 1.7580331
62688 0.0241609 -0.0940681
62751 219.7134507 0.0224934
63338 359.2952927 -0.1394152
70704 0.6920762 -1.1065215
71587 182.4994311 -1.9997488
82006 237.875727 42.5678768
83009 359.8747922 1.5932147
84001 359.3719634 -1.1348872
85773 359.2593065 -0.5005526
87524 359.1616686 -0.5099014
87804 330.7853211 2.6029617
88419 359.7935941 1.5543435
88927 359.1716911 0.539571
89528 359.6527408 1.6092507
89732 216.178641 44.5325478
