viz-id	ra	dec	marked
931	187.668276	0.7457892	false
2071	225.2647408	0.4846544	false
2383	342.9090827	0.2998679	true
2510	36.183798	-1.7436156	false
2833	224.936489	43.261311	false
4032	350.2807156	1.4018211	false
4221	30.0980674	-1.4120926	false
4363	176.3969337	-1.8543287	false
4495	136.012838	3.6234204	false
4825	334.1251639	3.3505597	false
5051	150.4133053	-0.1191215	false
5188	136.0652485	3.6685308	true
5785	216.707845	0.8919279	true
6020	182.6151234	0.3754714	false
7016	238.5183391	42.1270214	false
7372	334.2079861	3.4242712	true
8762	356.8819606	-0.6206143	false
8919	207.8073611	0.3711265	false
10666	151.6123305	-1.5607194	false
11168	340.0325552	2.892097	false
11607	359.048809	-0.2997508	false
11959	128.821372	-1.6477051	false
12208	2.0386046	-0.8796212	false
12599	3.0335566	-0.0352569	false
12947	37.2788956	-5.5491473	false
13292	128.8323203	-1.6135132	false
13310	330.8042144	2.6483951	false
14037	247.0151477	42.7283857	false
14216	28.9578801	-2.569023	false
14534	249.3472792	44.3318174	true
14961	37.6178024	-4.6015542	false
15381	176.3688281	-1.7828649	false
15401	137.7379873	-1.6240627	false
16617	131.687802	2.589298	false
17354	338.5564715	3.6202481	false
17947	350.4126371	1.4732959	false
19021	358.7961708	-1.4294426	false
19561	339.264054	1.588638	false
19784	148.9741011	-1.9189643	false
19965	131.9197024	2.5007516	false
21244	18.7538758	1.8719104	false
21501	247.1299129	42.8560702	true
21531	245.7145629	43.7262065	false
22056	18.6268476	1.5818316	false
22261	128.7726667	-1.7192981	false
22379	136.0129922	3.6234637	true
22463	350.7123291	1.4409299	true
22573	339.6821322	3.298443	false
23248	148.7804352	0.6188632	false
23552	249.7154972	42.2106738	false
23639	248.9586984	44.4305937	false
23739	358.4922877	0.3978777	false
23864	128.8573831	-1.7531346	false
23919	38.0582988	-1.3972603	false
24267	239.0218835	42.178019	false
24397	30.0203046	-1.371613	false
25170	349.9073726	1.4977276	true
25205	220.6865128	1.3641857	false
27139	347.5482706	2.7355941	false
27183	140.9389902	1.3075308	false
27784	359.8083842	1.8807654	false
27792	153.3046973	-0.76197	false
27799	217.7986521	1.2353161	false
28438	217.842635	1.1611016	false
29501	335.1944324	-1.1235166	false
29725	235.8781876	43.8751051	false
31162	249.7155866	42.2111852	false
31282	212.3379584	-1.8829271	false
32633	355.4179851	-1.3854725	false
33007	246.9608114	42.6026543	false
33655	210.5207811	-1.3713121	true
34311	131.7845692	2.5257379	false
34727	151.9459388	0.286233	false
35129	176.7483324	-1.8969284	false
35220	34.5144192	-4.3059998	false
35522	130.0504642	0.0665914	false
35773	210.943121	-2.1932899	false
35803	235.7365691	44.0068338	false
36359	209.0993934	-0.1308648	false
36551	153.3049173	-0.7618322	false
38086	211.8484571	-1.5866385	false
38406	128.6695526	-1.8809535	false
38470	32.830342	-2.2438775	false
39330	32.8556067	-2.2226501	false
40777	337.3076356	-1.2152801	false
40949	127.7634773	-1.1314688	true
40955	236.7330616	43.3536089	false
41290	224.1359956	-2.1427046	false
41501	142.6534202	2.0641908	true
41712	358.6605134	0.4202219	true
42161	332.0111048	-0.9067658	false
43096	214.8734593	44.2981305	false
44405	150.6245047	0.4011449	false
44454	152.6265662	-2.0476198	false
44459	150.1171273	0.7077499	false
44841	31.1067459	-2.4864666	false
44926	131.7773186	1.3287353	false
46494	220.3524392	0.9038532	true
46914	236.247371	43.5194985	false
47488	148.9661062	-1.8490858	false
47559	235.8386923	43.8990532	false
47753	340.4933037	2.7133969	true
47949	151.6719826	-1.9107619	false
48497	222.5483937	0.5137629	false
48544	349.5518132	0.2170544	false
48620	349.1290226	2.8331275	false
48862	336.6325638	3.6522821	false
49035	248.0310943	42.6951229	true
49148	133.9584554	-2.1903826	false
49153	234.5296833	42.509551	true
49173	154.3311134	-0.4459286	false
49813	348.1303359	-1.2106582	false
50509	148.6204296	2.3836652	false
50760	340.1747682	3.1774793	false
50986	18.8097316	1.9317577	false
51094	354.4399628	-0.4228657	false
51113	35.9925196	-6.7617164	false
51149	130.6523407	-0.5812324	false
51341	149.5314403	1.6786744	false
51815	224.1356637	-2.1417639	false
51967	18.9341818	0.1534645	false
52136	216.3045272	-2.1631417	false
52367	188.3240737	0.7395275	false
52662	28.7011698	-2.700348	false
52901	339.8143372	3.180133	false
52915	153.3371704	-0.742752	false
53048	233.4724378	43.5678109	false
54980	129.0641708	-1.8841501	false
55341	343.9472881	2.1331672	false
55799	129.0420488	-1.9684373	false
57749	28.5962243	-2.676127	false
58829	35.9255051	-4.1518467	false
59026	186.7990211	-1.3565792	false
59233	34.3619442	-4.2225102	true
59510	149.4032465	1.753037	false
59939	154.4511106	-0.4881878	false
60199	349.6590957	-1.109922	false
60295	128.7721518	-1.7188756	true
60461	132.8650233	3.1167059	false
60721	18.6993305	2.0122467	false
60737	130.9254134	2.7315161	false
60783	348.1586457	-0.1090137	false
62008	246.7199285	42.6360878	false
62121	129.0886275	-1.8818848	false
62214	134.4607617	-0.2231323	false
62470	134.6100278	0.0059503	false
62975	358.3953652	-0.7940742	false
63264	33.3147385	-3.0913053	false
63430	349.6953481	0.3481734	false
63988	147.2914653	1.0873331	false
64482	331.95692	-0.2339012	false
64670	31.498244	-1.685337	false
64839	20.9390541	-0.6135949	false
64915	348.1212601	2.837336	false
65334	149.1527861	1.8257276	false
66103	151.6535866	-1.5803674	false
66442	208.3397827	0.4421742	false
66772	246.8198635	42.6525025	false
67416	332.8848273	0.0631914	false
67784	209.8266774	0.1846371	false
69051	355.02015	2.9123696	false
69456	129.6686286	-1.9065278	false
69656	239.1990614	42.2684883	false
70143	128.6115165	0.1589894	false
72224	218.0710346	-1.1645702	false
72306	218.8602529	-0.1392529	false
73111	341.8840446	0.3969905	false
73872	239.1153354	41.8334714	false
75879	151.4255474	0.4766238	false
76038	235.9675626	43.8016756	false
78403	180.7318067	-0.1989152	false
78738	210.6479711	-1.311971	false
79056	350.2807349	1.4006702	false
79133	356.7315422	-0.6967246	false
80065	236.1270882	43.4244166	false
80769	249.6394793	42.0435916	false
81343	239.1980753	42.3489498	false
81944	182.6314577	-1.3043262	false
82230	340.1742102	3.1779487	false
82340	211.2652064	-0.6982816	false
83473	331.0667066	4.6234717	false
84101	153.3370736	-0.7436549	false
84314	343.9513523	2.1313012	false
84683	209.1230776	-0.3086225	true
85545	237.529755	42.0381702	true
85715	210.6275057	-1.4294535	false
88425	176.7481483	-1.8969051	false
88587	221.2180308	0.3856692	false
88832	18.6619383	1.5904875	false
89144	334.1663531	3.5038133	false
89172	148.549505	0.658399	false
89269	133.9008712	-2.237627	false